39
57
46
75
72
77
117
54
26
97
24
58
20
41
114
115
72
115
30
80
43
87
81
43
72
39
119
36
103
74
95
44
73
78
35
114
112
20
35
104
105
27
44
103
100
72
31
37
71
118
44
22
50
56
47
91
53
116
53
92
88
79
109
89
46
37
103
99
89
80
96
22
83
114
78
66
97
20
42
43
49
37
117
53
113
119
102
64
23
84
74
119
116
105
33
56
93
101
94
98
86
83
47
54
71
79
48
85
55
78
88
88
61
62
72
50
58
46
74
52
61
78
54
59
72
68
69
75
62
48
51
79
81
52
59
62
87
51
89
81
89
49
48
60
55
87
50
70
68
58
86
79
57
88
80
83
64
72
57
89
65
69
51
65
68
83
73
49
85
68
82
73
49
74
64
85
80
75
72
54
49
67
67
56
60
55
70
60
55
73
63
53
57
83
64
47
65
47
61
81